algorithm 0.47712125471966244 67613335 1 2.6912885820658667
andrew 0.47712125471966244 78661573 1 3.8547271270316728
author 0.47712125471966244 78661573 1 3.8547271270316728
authors 0.17609125905568124 67613335 1 2.6912885820658667
baveja 0.17609125905568124 67613335 1 2.6912885820658667
cofounder 0.47712125471966244 67613335 1 2.6912885820658667
collection 0.47712125471966244 78661573 1 3.8547271270316728
corpus 0.47712125471966244 78661573 1 3.8547271270316728
deorio 0.47712125471966244 78661573 1 3.8547271270316728
document 0.47712125471966244 78661573 2 3.8547271270316728
engine 0.47712125471966244 67613335 1 2.6912885820658667
frequency 0.47712125471966244 78661573 1 3.8547271270316728
frequencyinverse 0.47712125471966244 78661573 1 3.8547271270316728
google 0.47712125471966244 67613335 1 2.6912885820658667
importance 0.47712125471966244 78661573 1 3.8547271270316728
information 0.47712125471966244 78661573 1 3.8547271270316728
larry 0.47712125471966244 67613335 1 2.6912885820658667
maya 0.17609125905568124 67613335 1 2.6912885820658667
measure 0.47712125471966244 78661573 1 3.8547271270316728
melina 0.17609125905568124 67613335 1 2.6912885820658667
named 0.47712125471966244 67613335 1 2.6912885820658667
odell 0.17609125905568124 67613335 1 2.6912885820658667
page 0.47712125471966244 67613335 2 2.6912885820658667
pagerank 0.47712125471966244 67613335 3 2.6912885820658667
pages 0.47712125471966244 67613335 1 2.6912885820658667
pr 0.47712125471966244 67613335 1 2.6912885820658667
rank 0.47712125471966244 67613335 1 2.6912885820658667
results 0.47712125471966244 67613335 1 2.6912885820658667
retrieval 0.47712125471966244 78661573 1 3.8547271270316728
search 0.47712125471966244 67613335 2 2.6912885820658667
short 0.47712125471966244 78661573 1 3.8547271270316728
term 0.17609125905568124 78661573 1 3.8547271270316728
tfidf 0.47712125471966244 78661573 7 3.8547271270316728
web 0.47712125471966244 67613335 2 2.6912885820658667
word 0.17609125905568124 67613335 1 2.6912885820658667 78661573 1 3.8547271270316728
